3838.0 93.62470245361328
3838.0 93.99735260009766
3838.0 104.99745559692383
3838.0 115.99755859375
3838.0 116.04755783081055
3838.0 116.0975570678711
3838.0 118.84893343900671
3838.0 121.50653076171875
3838.0 124.16435678757036
3838.0 126.54730224609375
3838.0 128.93015001956462
3838.0 130.87571716308594
3838.0 132.8214078231114
3838.0 134.1972198486328
3838.0 135.57296852227856
3838.0 136.2850799560547
3838.0 136.9974365234375
3863.078125 136.9974365234375
3863.078125 137.05081176757812
3918.9580078125 137.18211364746094
3918.958251953125 137.0400390625
3965.21240234375 136.9105224609375
3965.21240234375 136.93899536132812
4021.09228515625 136.8523712158203
4021.092041015625 136.70213317871094
4066.805419921875 136.38214111328125
4066.805419921875 136.50579833984375
4122.685546875 136.4219970703125
4122.68505859375 136.21630859375
4174.51171875 135.74984741210938
4174.51171875 135.7220001220703
4225.44873046875 135.2126007080078
4225.4482421875 135.19866943359375
4270.6904296875 134.72361755371094
4270.69091796875 134.81398010253906
4326.56982421875 134.45074462890625
4326.568359375 134.23167419433594
4373.04541015625 133.5576934814453
4373.0458984375 133.6144561767578
4423.77734375 133.00564575195312
4423.77734375 133.01708984375
4479.65380859375 132.37449645996094
4479.6533203125 132.34664916992188
4530.59033203125 131.70989990234375
4530.5888671875 131.61302185058594
4576.38232421875 130.88027954101562
4576.38330078125 130.94830322265625
4632.25830078125 130.22186279296875
4632.2568359375 130.09762573242188
4678.4638671875 129.28892517089844
4678.46435546875 129.31179809570312
4728.919921875 128.47918701171875
4728.92041015625 128.5359649658203
4784.794921875 127.75367736816406
4784.7939453125 127.65682983398438
4836.0732421875 126.75935363769531
4836.07275390625 126.7315902709961
4887.00927734375 125.78913879394531
4887.0087890625 125.74752044677734
4932.87646484375 124.8300552368164
4932.87646484375 124.84159851074219
4983.26318359375 123.85894012451172
4983.26416015625 123.92699432373047
5039.13671875 123.0050048828125
5039.13427734375 122.85363006591797
5090.68701171875 121.71928405761719
5090.6865234375 121.70550537109375
5136.00634765625 120.6856460571289
5136.0078125 120.76495361328125
5186.60107421875 119.8035659790039
5186.6015625 119.83780670166016
5242.47314453125 118.8599624633789
5242.46875 118.62773132324219
5288.54248046875 117.4295425415039
5288.54541015625 117.56442260742188
5344.4140625 116.4468765258789
5344.41064453125 116.26852416992188
5390.21142578125 115.05451965332031
5390.2138671875 115.18939971923828
5446.08251953125 114.0439224243164
5446.07958984375 113.91987609863281
5492.43310546875 112.76081085205078
5492.43310546875 112.76105499267578
5543.02587890625 111.4959945678711
5543.02685546875 111.53034210205078
5598.8916015625 110.21729278564453
5598.8896484375 110.14818572998047
5644.763671875 108.95520782470703
5644.7646484375 108.98960876464844
5700.62744140625 107.62067413330078
5700.625 107.51044464111328
5746.22412109375 106.21051788330078
5746.22705078125 106.32334899902344
5802.09130859375 105.01029968261719
5802.0888671875 104.90000915527344
5848.30810546875 103.62865447998047
5848.30859375 103.64041900634766
5904.16845703125 102.1318359375
5904.16796875 102.11822509765625
5949.701171875 100.86575317382812
5949.7021484375 100.91151428222656
6005.56396484375 99.48672485351562
6005.56103515625 99.37653350830078
6051.576171875 98.01869201660156
6051.57763671875 98.06449890136719
6069.0 97.58525848388672
6069.0 97.27933326662496
6069.0 96.79085938720662
6069.0 95.87526456115592
6069.0 93.51837389076042
6069.0 89.32753061981319
6069.0 87.08590587750918
6069.0 84.63026713664081
6069.0 80.2579311664328
6069.0 76.57743835449219
6069.0 69.76639028085475
6069.0 61.0
6088.835648253125 61.0
6106.458984375 61.0
6106.349579213843 57.02246506555093
6106.25390625 53.5441780090332
6106.24365234375 53.17165946960449
6106.2333984375 52.79914093017578
6106.007389863895 44.57873787248137
6105.8447265625 38.66233444213867
6105.826134093745 37.98475124828202
6105.8193359375 37.73699951171875
6482.39599609375 27.00843048095703
6858.97265625 16.279861450195312
6859.0654296875 19.69488525390625
6859.158203125 23.109909057617188
6895.5791015625 19.78579044342041
6932.0 16.461671829223633
6932.0 17.293046536652938
6932.0 18.200000762939453
6932.449951171875 18.200000762939453
6932.89990234375 18.200000762939453
6932.89990234375 20.06122487905074
6932.89990234375 22.0
7731.400146484375 22.0
8529.900390625 22.0
8529.900390625 25.0
8600.9501953125 25.0
8600.9501953125 175.0
5700.500244140625 175.0
2800.050048828125 175.0
2800.050048828125 31.0
2872.0 31.0
2872.0 11.399999618530273
2875.800048828125 11.399999618530273
2875.800048828125 10.967599868774414
3287.5 10.967599868774414
3779.5 10.0
3779.5 11.09999942779541
3838.0 11.09999942779541
3838.0 12.797271728515625
3838.0 36.59039306640625
3838.0 60.383514404296875
3838.0 62.256287619845125
3838.0 64.28559875488281
3838.0 65.96925931898024
3838.0 68.03730773925781
3838.0 69.53950753432184
3838.0 71.4952392578125
3838.0 72.8059605959751
3838.0 74.5258674621582
3838.0 76.405911729177
3838.0 79.10989379882812
3838.0 80.50959224289703
3838.0 81.94561521976635
3838.0 83.78308975794175
3838.0 85.59864044189453
3838.0 87.42098753901435
3838.0 89.35034942626953
3838.0 91.28309047016366
3838.0 93.2520523071289
3838.0 93.62470245361328
 
3893.8798828125 -10.737047672271729
3893.8798828125 -10.674382209777832
3904.0250244140625 -10.650537490844727
3914.170166015625 -10.626692771911621
3914.1700439453125 -10.685491561889648
3914.169921875 -10.744290351867676
3942.1097412109375 -10.822519779205322
3970.049560546875 -10.900749206542969
3970.0496826171875 -10.88329792022705
3970.0498046875 -10.865846633911133
3992.8878173828125 -10.901239395141602
4015.725830078125 -10.93663215637207
4015.7254638671875 -10.99884557723999
4015.72509765625 -11.06105899810791
4043.6644287109375 -11.256638050079346
4071.603759765625 -11.452217102050781
4071.604248046875 -11.37546443939209
4071.604736328125 -11.298711776733398
4094.4552001953125 -11.33298397064209
4117.3056640625 -11.367256164550781
4117.3046875 -11.452829837799072
4117.3037109375 -11.538403511047363
4142.69873046875 -11.766968727111816
4168.09375 -11.99553394317627
4168.093505859375 -12.006949424743652
4168.09326171875 -12.018364906311035
4193.49072265625 -12.272344589233398
4218.88818359375 -12.526324272155762
4218.88818359375 -12.532030582427979
4218.88818359375 -12.537736892700195
4246.82666015625 -12.831105709075928
4274.76513671875 -13.12447452545166
4274.765625 -13.068632125854492
4274.76611328125 -13.012789726257324
4297.607421875 -13.16126537322998
4320.44873046875 -13.309741020202637
4320.447509765625 -13.400999069213867
4320.4462890625 -13.492257118225098
4348.38330078125 -13.897368431091309
4376.3203125 -14.30247974395752
4376.32080078125 -14.267565250396729
4376.3212890625 -14.232650756835938
4401.73486328125 -14.537618637084961
4427.1484375 -14.842586517333984
4427.1484375 -14.835593223571777
4427.1484375 -14.82859992980957
4450.008056640625 -15.091501235961914
4472.86767578125 -15.354402542114258
4472.867431640625 -15.365811347961426
4472.8671875 -15.377220153808594
4498.24951171875 -15.6945161819458
4523.6318359375 -16.011812210083008
4523.63134765625 -16.051761627197266
4523.630859375 -16.091711044311523
4551.567138671875 -16.538728713989258
4579.50341796875 -16.985746383666992
4579.504150390625 -16.943846702575684
4579.5048828125 -16.901947021484375
4602.361083984375 -17.199088096618652
4625.21728515625 -17.49622917175293
4625.21630859375 -17.547581672668457
4625.21533203125 -17.598934173583984
4653.151123046875 -18.087858200073242
4681.0869140625 -18.5767822265625
4681.087158203125 -18.56277084350586
4681.08740234375 -18.54875946044922
4706.49267578125 -18.96799087524414
4731.89794921875 -19.387222290039062
4731.8984375 -19.35229778289795
4731.89892578125 -19.317373275756836
4754.7578125 -19.637415885925293
4777.61669921875 -19.95745849609375
4777.615966796875 -19.99739360809326
4777.615234375 -20.037328720092773
4803.01025390625 -20.481785774230957
4828.4052734375 -20.92624282836914
4828.405029296875 -20.937620162963867
4828.40478515625 -20.948997497558594
4853.797607421875 -21.418819427490234
4879.1904296875 -21.888641357421875
4879.18994140625 -21.90570831298828
4879.189453125 -21.922775268554688
4907.1240234375 -22.48154640197754
4935.05859375 -23.04031753540039
4935.05859375 -23.03326988220215
4935.05859375 -23.026222229003906
4960.46142578125 -23.521636962890625
4985.8642578125 -24.017051696777344
4985.864990234375 -23.97513771057129
4985.86572265625 -23.933223724365234
5008.71875 -24.310328483581543
5031.57177734375 -24.68743324279785
5031.570556640625 -24.750146865844727
5031.5693359375 -24.8128604888916
5056.966796875 -25.371697425842285
5082.3642578125 -25.93053436279297
5082.3642578125 -25.93614959716797
5082.3642578125 -25.94176483154297
5110.297119140625 -26.570371627807617
5138.22998046875 -27.198978424072266
5138.23095703125 -27.15006732940674
5138.23193359375 -27.10115623474121
5163.65087890625 -27.584174156188965
5189.06982421875 -28.06719207763672
5189.0703125 -28.046196937561035
5189.07080078125 -28.02520179748535
5211.90234375 -28.424793243408203
5234.73388671875 -28.824384689331055
5234.731201171875 -28.92124366760254
5234.728515625 -29.018102645874023
5262.6591796875 -29.744462966918945
5290.58984375 -30.470823287963867
5290.592041015625 -30.38705348968506
5290.59423828125 -30.30328369140625
5313.4609375 -30.760676383972168
5336.32763671875 -31.218069076538086
5336.32568359375 -31.292129516601562
5336.32373046875 -31.36618995666504
5364.25390625 -32.1065149307251
5392.18408203125 -32.846839904785156
5392.186279296875 -32.763071060180664
5392.1884765625 -32.67930221557617
5415.06494140625 -33.148338317871094
5437.94140625 -33.617374420166016
5437.940185546875 -33.668636322021484
5437.93896484375 -33.71989822387695
5465.8701171875 -34.4183292388916
5493.80126953125 -35.11676025390625
5493.80126953125 -35.11662673950195
5493.80126953125 -35.116493225097656
5519.201171875 -35.75162887573242
5544.60107421875 -36.38676452636719
5544.601806640625 -36.36570930480957
5544.6025390625 -36.34465408325195
5567.46630859375 -36.88205146789551
5590.330078125 -37.41944885253906
5590.329345703125 -37.44787788391113
5590.32861328125 -37.4763069152832
5618.25927734375 -38.20265579223633
5646.18994140625 -38.92900466918945
5646.1904296875 -38.90793991088867
5646.19091796875 -38.88687515258789
5669.048583984375 -39.447004318237305
5691.90625 -40.00713348388672
5691.905029296875 -40.05263900756836
5691.90380859375 -40.09814453125
5719.832275390625 -40.89432907104492
5747.7607421875 -41.690513610839844
5747.7626953125 -41.620643615722656
5747.7646484375 -41.55077362060547
5770.640380859375 -42.088443756103516
5793.51611328125 -42.62611389160156
5793.514892578125 -42.6716423034668
5793.513671875 -42.71717071533203
5821.443115234375 -43.48542404174805
5849.37255859375 -44.25367736816406
5849.372802734375 -44.246530532836914
5849.373046875 -44.239383697509766
5872.243408203125 -44.85703086853027
5895.11376953125 -45.47467803955078
5895.11376953125 -45.48022651672363
5895.11376953125 -45.485774993896484
5923.043212890625 -46.25403022766113
5950.97265625 -47.02228546142578
5950.973388671875 -46.99422264099121
5950.97412109375 -46.96615982055664
5973.835205078125 -47.549238204956055
5996.6962890625 -48.13231658935547
5996.69482421875 -48.17780876159668
5996.693359375 -48.22330093383789
6024.621337890625 -49.04740333557129
6052.54931640625 -49.87150573730469
6052.550048828125 -49.84342002868652
6052.55078125 -49.81533432006836
6072.639892578125 -50.3679256439209
6092.72900390625 -50.92051696777344
6092.722609925846 -51.159361804900726
6092.712890625 -51.522422790527344
6092.69970703125 -51.99590301513672
8600.9501953125 -120.4717788696289
8600.9501953125 -175.0
5700.500244140625 -175.0
2800.050048828125 -175.0
2800.050048828125 -31.0
2872.0 -31.0
2872.0 -11.399999618530273
2875.800048828125 -11.399999618530273
2875.800048828125 -10.967599868774414
3287.5 -10.967599868774414
3779.5 -10.0
3779.5 -11.09999942779541
3838.5 -11.09999942779541
3838.5 -10.799713134765625
3866.18994140625 -10.799713134765625
3893.8798828125 -10.799713134765625
3893.8798828125 -10.737047672271729
 
6931.72021484375 -52.8931770324707
8600.9501953125 -98.46358489990234
8600.9501953125 -25.0
8529.900390625 -25.0
8529.900390625 -22.0
7731.400146484375 -22.0
6932.89990234375 -22.0
6932.89990234375 -20.06122487905074
6932.89990234375 -18.200000762939453
6932.77634595788 -18.200000762939453
6932.6630859375 -18.200000762939453
6931.72021484375 -52.8931770324707
 
6897.607421875 -51.96189498901367
6927.58349609375 -52.780242919921875
6929.65869140625 -12.913728713989258
6899.503574786219 -15.540156533154416
6897.779385488955 -48.664505444236106
6897.607421875 -51.96189498901367
 
